[1] "================== Summary =================="
[1] "================== Efficiency =================="
[1] "================== Coefficients =================="
[1] FALSE
 [1]       10403         624  -945610069  1225814512  -907776719 -1297617602
 [7] -2067586905  1502650556 -1313455475  -756976662  -984173469   570063432
[13]  1745982377  -834940074    49912287 -1466987884  -812680059   -71403646
[19] -1155969765  1766333856
[1] "/usr/bin/open"
       alpha         beta        gamma 
5.557829e-02 1.001577e-05 1.157382e+00 
       64        32        16         8         4         2         1 
0.2196034 0.3706837 0.5378478 0.6708281 1.0371052 0.8394634 0.8640193 
[1] 0.05557829
[1] 1.001577e-05
[1] 1.157382

The downloaded binary packages are in
	/var/folders/c6/c153tzb94qg0f3ngg122rx400000gn/T//Rtmp0W5VCU/downloaded_packages

The downloaded binary packages are in
	/var/folders/c6/c153tzb94qg0f3ngg122rx400000gn/T//Rtmp0W5VCU/downloaded_packages
[1] FALSE
 [1]       10403         624  -945610069  1225814512  -907776719 -1297617602
 [7] -2067586905  1502650556 -1313455475  -756976662  -984173469   570063432
[13]  1745982377  -834940074    49912287 -1466987884  -812680059   -71403646
[19] -1155969765  1766333856
[1] "/usr/bin/open"
       alpha         beta        gamma 
5.557829e-02 1.001577e-05 1.157382e+00 
       64        32        16         8         4         2         1 
0.2196034 0.3706837 0.5378478 0.6708281 1.0371052 0.8394634 0.8640193 
[1] 0.05557829
[1] 1.001577e-05
[1] 1.157382
